At time 1696943482.196174310
- Translation: [0.000, 0.000, 0.000]
- Rotation: in Quaternion [0.000, 0.000, 0.927, 0.374]
- Rotation: in RPY (radian) [0.000, -0.000, 2.375]
- Rotation: in RPY (degree) [0.000, -0.000, 136.082]
- Matrix:
 -0.720 -0.694  0.000  0.000
  0.694 -0.720  0.000  0.000
  0.000  0.000  1.000  0.000
  0.000  0.000  0.000  1.000
At time 1696943483.193638335
- Translation: [0.000, 0.000, 0.000]
- Rotation: in Quaternion [0.000, 0.000, 0.927, 0.374]
- Rotation: in RPY (radian) [0.000, -0.000, 2.375]
- Rotation: in RPY (degree) [0.000, -0.000, 136.082]
- Matrix:
 -0.720 -0.694  0.000  0.000
  0.694 -0.720  0.000  0.000
  0.000  0.000  1.000  0.000
  0.000  0.000  0.000  1.000
At time 1696943484.196514801
- Translation: [0.000, 0.000, 0.000]
- Rotation: in Quaternion [0.000, 0.000, 0.927, 0.374]
- Rotation: in RPY (radian) [0.000, -0.000, 2.375]
- Rotation: in RPY (degree) [0.000, -0.000, 136.082]
- Matrix:
 -0.720 -0.694  0.000  0.000
  0.694 -0.720  0.000  0.000
  0.000  0.000  1.000  0.000
  0.000  0.000  0.000  1.000
At time 1696943485.205574838
- Translation: [0.000, 0.000, 0.000]
- Rotation: in Quaternion [0.000, 0.000, 0.927, 0.374]
- Rotation: in RPY (radian) [0.000, -0.000, 2.375]
- Rotation: in RPY (degree) [0.000, -0.000, 136.082]
- Matrix:
 -0.720 -0.694  0.000  0.000
  0.694 -0.720  0.000  0.000
  0.000  0.000  1.000  0.000
  0.000  0.000  0.000  1.000
At time 1696943486.196837830
- Translation: [-0.507, 1.190, 0.000]
- Rotation: in Quaternion [0.000, 0.000, 0.819, 0.574]
- Rotation: in RPY (radian) [0.000, -0.000, 1.919]
- Rotation: in RPY (degree) [0.000, -0.000, 109.979]
- Matrix:
 -0.342 -0.940  0.000 -0.507
  0.940 -0.342  0.000  1.190
  0.000  0.000  1.000  0.000
  0.000  0.000  0.000  1.000
At time 1696943487.204655429
- Translation: [1.694, 0.278, 0.000]
- Rotation: in Quaternion [0.000, 0.000, -0.009, 1.000]
- Rotation: in RPY (radian) [0.000, 0.000, -0.019]
- Rotation: in RPY (degree) [0.000, 0.000, -1.083]
- Matrix:
  1.000  0.019  0.000  1.694
 -0.019  1.000 -0.000  0.278
 -0.000  0.000  1.000  0.000
  0.000  0.000  0.000  1.000
At time 1696943488.196954638
- Translation: [1.118, -0.589, 0.000]
- Rotation: in Quaternion [0.000, 0.000, -0.566, 0.824]
- Rotation: in RPY (radian) [0.000, 0.000, -1.204]
- Rotation: in RPY (degree) [0.000, 0.000, -68.963]
- Matrix:
  0.359  0.933  0.000  1.118
 -0.933  0.359 -0.000 -0.589
 -0.000  0.000  1.000  0.000
  0.000  0.000  0.000  1.000
At time 1696943489.205222040
- Translation: [1.452, -1.205, 0.000]
- Rotation: in Quaternion [0.000, 0.000, -0.406, 0.914]
- Rotation: in RPY (radian) [0.000, 0.000, -0.836]
- Rotation: in RPY (degree) [0.000, 0.000, -47.894]
- Matrix:
  0.671  0.742  0.000  1.452
 -0.742  0.671 -0.000 -1.205
 -0.000  0.000  1.000  0.000
  0.000  0.000  0.000  1.000
At time 1696943490.196932856
- Translation: [0.966, -0.615, 0.000]
- Rotation: in Quaternion [0.000, 0.000, -0.766, 0.642]
- Rotation: in RPY (radian) [0.000, 0.000, -1.746]
- Rotation: in RPY (degree) [0.000, 0.000, -100.063]
- Matrix:
 -0.175  0.985  0.000  0.966
 -0.985 -0.175 -0.000 -0.615
 -0.000  0.000  1.000  0.000
  0.000  0.000  0.000  1.000
At time 1696943491.208092282
- Translation: [1.043, -1.864, 0.000]
- Rotation: in Quaternion [0.000, 0.000, -0.578, 0.816]
- Rotation: in RPY (radian) [0.000, 0.000, -1.234]
- Rotation: in RPY (degree) [0.000, 0.000, -70.685]
- Matrix:
  0.331  0.944  0.000  1.043
 -0.944  0.331 -0.000 -1.864
 -0.000  0.000  1.000  0.000
  0.000  0.000  0.000  1.000
At time 1696943492.197578923
- Translation: [1.266, -0.725, 0.000]
- Rotation: in Quaternion [0.000, 0.000, -0.738, 0.674]
- Rotation: in RPY (radian) [0.000, 0.000, -1.661]
- Rotation: in RPY (degree) [0.000, 0.000, -95.174]
- Matrix:
 -0.090  0.996  0.000  1.266
 -0.996 -0.090 -0.000 -0.725
 -0.000  0.000  1.000  0.000
  0.000  0.000  0.000  1.000
At time 1696943493.203629537
- Translation: [1.416, -1.808, 0.000]
- Rotation: in Quaternion [0.000, 0.000, -0.533, 0.846]
- Rotation: in RPY (radian) [0.000, 0.000, -1.125]
- Rotation: in RPY (degree) [0.000, 0.000, -64.457]
- Matrix:
  0.431  0.902  0.000  1.416
 -0.902  0.431 -0.000 -1.808
 -0.000  0.000  1.000  0.000
  0.000  0.000  0.000  1.000
At time 1696943494.197809016
- Translation: [1.686, -0.907, 0.000]
- Rotation: in Quaternion [0.000, 0.000, -0.451, 0.893]
- Rotation: in RPY (radian) [0.000, 0.000, -0.935]
- Rotation: in RPY (degree) [0.000, 0.000, -53.556]
- Matrix:
  0.594  0.804  0.000  1.686
 -0.804  0.594 -0.000 -0.907
 -0.000  0.000  1.000  0.000
  0.000  0.000  0.000  1.000
At time 1696943495.189429561
- Translation: [2.251, -0.990, 0.000]
- Rotation: in Quaternion [0.000, 0.000, -0.248, 0.969]
- Rotation: in RPY (radian) [0.000, 0.000, -0.500]
- Rotation: in RPY (degree) [0.000, 0.000, -28.667]
- Matrix:
  0.877  0.480  0.000  2.251
 -0.480  0.877 -0.000 -0.990
 -0.000  0.000  1.000  0.000
  0.000  0.000  0.000  1.000
At time 1696943496.198755833
- Translation: [1.258, -0.241, 0.000]
- Rotation: in Quaternion [0.000, 0.000, -0.042, 0.999]
- Rotation: in RPY (radian) [0.000, 0.000, -0.084]
- Rotation: in RPY (degree) [0.000, 0.000, -4.829]
- Matrix:
  0.996  0.084  0.000  1.258
 -0.084  0.996 -0.000 -0.241
 -0.000  0.000  1.000  0.000
  0.000  0.000  0.000  1.000
At time 1696943497.204126221
- Translation: [0.644, -0.059, 0.000]
- Rotation: in Quaternion [0.000, 0.000, 0.052, 0.999]
- Rotation: in RPY (radian) [0.000, -0.000, 0.105]
- Rotation: in RPY (degree) [0.000, -0.000, 6.018]
- Matrix:
  0.994 -0.105  0.000  0.644
  0.105  0.994  0.000 -0.059
  0.000  0.000  1.000  0.000
  0.000  0.000  0.000  1.000
At time 1696943498.196308908
- Translation: [0.324, -0.015, 0.000]
- Rotation: in Quaternion [0.000, 0.000, 0.098, 0.995]
- Rotation: in RPY (radian) [0.000, -0.000, 0.197]
- Rotation: in RPY (degree) [0.000, -0.000, 11.284]
- Matrix:
  0.981 -0.196  0.000  0.324
  0.196  0.981  0.000 -0.015
  0.000  0.000  1.000  0.000
  0.000  0.000  0.000  1.000
At time 1696943499.205320870
- Translation: [0.158, -0.003, 0.000]
- Rotation: in Quaternion [0.000, 0.000, 0.121, 0.993]
- Rotation: in RPY (radian) [0.000, -0.000, 0.243]
- Rotation: in RPY (degree) [0.000, -0.000, 13.926]
- Matrix:
  0.971 -0.241  0.000  0.158
  0.241  0.971  0.000 -0.003
  0.000  0.000  1.000  0.000
  0.000  0.000  0.000  1.000
At time 1696943500.197375308
- Translation: [0.079, -0.001, 0.000]
- Rotation: in Quaternion [0.000, 0.000, 0.132, 0.991]
- Rotation: in RPY (radian) [0.000, -0.000, 0.265]
- Rotation: in RPY (degree) [0.000, -0.000, 15.165]
- Matrix:
  0.965 -0.262  0.000  0.079
  0.262  0.965  0.000 -0.001
  0.000  0.000  1.000  0.000
  0.000  0.000  0.000  1.000
At time 1696943501.203996316
- Translation: [0.039, -0.000, 0.000]
- Rotation: in Quaternion [0.000, 0.000, 0.137, 0.991]
- Rotation: in RPY (radian) [0.000, -0.000, 0.275]
- Rotation: in RPY (degree) [0.000, -0.000, 15.763]
- Matrix:
  0.962 -0.272  0.000  0.039
  0.272  0.962  0.000 -0.000
  0.000  0.000  1.000  0.000
  0.000  0.000  0.000  1.000
At time 1696943502.196653526
- Translation: [0.020, -0.000, 0.000]
- Rotation: in Quaternion [0.000, 0.000, 0.140, 0.990]
- Rotation: in RPY (radian) [0.000, -0.000, 0.280]
- Rotation: in RPY (degree) [0.000, -0.000, 16.058]
- Matrix:
  0.961 -0.277  0.000  0.020
  0.277  0.961  0.000 -0.000
  0.000  0.000  1.000  0.000
  0.000  0.000  0.000  1.000
At time 1696943503.203277554
- Translation: [0.010, -0.000, 0.000]
- Rotation: in Quaternion [0.000, 0.000, 0.141, 0.990]
- Rotation: in RPY (radian) [0.000, -0.000, 0.283]
- Rotation: in RPY (degree) [0.000, -0.000, 16.204]
- Matrix:
  0.960 -0.279  0.000  0.010
  0.279  0.960  0.000 -0.000
  0.000  0.000  1.000  0.000
  0.000  0.000  0.000  1.000
At time 1696943504.197983898
- Translation: [0.005, -0.000, 0.000]
- Rotation: in Quaternion [0.000, 0.000, 0.142, 0.990]
- Rotation: in RPY (radian) [0.000, -0.000, 0.284]
- Rotation: in RPY (degree) [0.000, -0.000, 16.274]
- Matrix:
  0.960 -0.280  0.000  0.005
  0.280  0.960  0.000 -0.000
  0.000  0.000  1.000  0.000
  0.000  0.000  0.000  1.000
At time 1696943505.204676809
- Translation: [0.002, -0.000, 0.000]
- Rotation: in Quaternion [0.000, 0.000, 0.142, 0.990]
- Rotation: in RPY (radian) [0.000, -0.000, 0.285]
- Rotation: in RPY (degree) [0.000, -0.000, 16.309]
- Matrix:
  0.960 -0.281  0.000  0.002
  0.281  0.960  0.000 -0.000
  0.000  0.000  1.000  0.000
  0.000  0.000  0.000  1.000
